  8.7413000e+002
  8.8260000e+002
  8.9115000e+002
  8.9359000e+002
  9.0286000e+002
  9.0157000e+002
  8.8847000e+002
  8.8561000e+002
  9.0348000e+002
  8.9598000e+002
  9.0033000e+002
  8.9579000e+002
  8.9166000e+002
  8.9338000e+002
  9.0129000e+002
  9.1191000e+002
  9.1641000e+002
  9.2231000e+002
  9.3252000e+002
  9.3962000e+002
  9.2201000e+002
  9.1804000e+002
  9.0087000e+002
  8.8170000e+002
  8.7917000e+002
  8.5436000e+002
  8.7516000e+002
  8.7949000e+002
  8.8043000e+002
  8.6397000e+002
  8.8174000e+002
  8.8251000e+002
  8.8882000e+002
  8.8992000e+002
  8.9596000e+002
  9.0797000e+002
  9.1895000e+002
  9.2899000e+002
  9.2954000e+002
  9.2965000e+002
  9.3832000e+002
  9.4068000e+002
  9.5242000e+002
  9.6082000e+002
  9.5946000e+002
  9.5629000e+002
  9.5272000e+002
  9.4816000e+002
  9.4610000e+002
  9.5272000e+002
  9.5785000e+002
  9.6636000e+002
  9.6926000e+002
  9.8613000e+002
  9.8730000e+002
  9.8814000e+002
  9.8535000e+002
  9.8635000e+002
  9.8903000e+002
  9.7522000e+002
  9.5300000e+002
  9.3234000e+002
  9.2795000e+002
  9.2288000e+002
  9.2995000e+002
  9.3129000e+002
  9.4576000e+002
  9.4777000e+002
  9.4983000e+002
  9.3368000e+002
  9.0283000e+002
  8.7611000e+002
  8.7689000e+002
  8.9704000e+002
  8.8786000e+002
  8.9175000e+002
  8.9426000e+002
  8.9716000e+002
  8.7706000e+002
  8.9404000e+002
  8.8936000e+002
  8.6915000e+002
  8.4660000e+002
  8.5239000e+002
  8.4053000e+002
  8.0462000e+002
  7.8056000e+002
  7.8769000e+002
  7.7561000e+002
  8.1430000e+002
  7.9097000e+002
  7.7422000e+002
  7.4432000e+002
  7.7171000e+002
  7.8730000e+002
  8.0796000e+002
  8.0506000e+002
  8.1909000e+002
  8.0773000e+002
  8.0334000e+002
  7.8947000e+002
  8.1302000e+002
  8.0718000e+002
  7.9910000e+002
  7.8569000e+002
  8.0874000e+002
  8.3513000e+002
  8.4716000e+002
  8.4404000e+002
  8.5746000e+002
  8.5573000e+002
  8.5084000e+002
  8.4733000e+002
  8.4660000e+002
  8.4850000e+002
  8.6977000e+002
  8.7667000e+002
  8.6598000e+002
  8.5284000e+002
  8.5974000e+002
  8.8318000e+002
  8.9705000e+002
  9.0596000e+002
  8.9003000e+002
  8.7455000e+002
  8.7032000e+002
  8.5841000e+002
  8.7489000e+002
  8.8500000e+002
  8.7737000e+002
  8.6026000e+002
  8.6905000e+002
  8.8205000e+002
  9.0956000e+002
  9.0153000e+002
  9.2377000e+002
  9.2065000e+002
  9.1904000e+002
  8.9407000e+002
  9.0118000e+002
  9.0754000e+002
  9.3348000e+002
  9.3435000e+002
  9.2666000e+002
  9.2874000e+002
  9.1817000e+002
  8.9673000e+002
  8.8818000e+002
  8.5662000e+002
  8.6281000e+002
  8.6211000e+002
  8.7760000e+002
  8.7916000e+002
  8.8725000e+002
  8.8061000e+002
  8.8737000e+002
  9.0511000e+002
  9.0124000e+002
  8.9898000e+002
  8.8032000e+002
  8.6506000e+002
  8.6356000e+002
  8.4004000e+002
  8.3634000e+002
  8.4980000e+002
  8.4044000e+002
  8.3524000e+002
  8.3755000e+002
  8.2605000e+002
  8.4923000e+002
  8.6581000e+002
  9.0569000e+002
  8.9765000e+002
  9.0603000e+002
  9.1921000e+002
  9.1291000e+002
  8.9898000e+002
  8.9528000e+002
  8.9900000e+002
  9.1488000e+002
  9.1362000e+002
  9.0093000e+002
  8.9780000e+002
  9.0351000e+002
  9.2246000e+002
  9.1392000e+002
  8.8847000e+002
  8.7127000e+002
  8.6965000e+002
  8.8589000e+002
  8.9234000e+002
  8.9601000e+002
  9.2125000e+002
  9.1721000e+002
  9.2442000e+002
  9.3380000e+002
  9.5295000e+002
  9.4959000e+002
  9.6749000e+002
  9.6128000e+002
  9.4841000e+002
  9.5898000e+002
  9.6588000e+002
  9.6706000e+002
  9.8508000e+002
  9.7824000e+002
  9.8129000e+002
  9.6699000e+002
  9.5251000e+002
  9.5189000e+002
  9.2553000e+002
  9.3554000e+002
  9.3859000e+002
  9.4605000e+002
  9.4785000e+002
  9.5195000e+002
  9.1665000e+002
  9.0521000e+002
  9.1118000e+002
  9.0428000e+002
  9.2000000e+002
  9.3548000e+002
  9.2609000e+002
  9.3346000e+002
  9.2482000e+002
  9.2400000e+002
  9.5717000e+002
  9.6161000e+002
  9.6730000e+002
  9.4745000e+002
  9.3756000e+002
  9.2477000e+002
  8.9484000e+002
  8.7616000e+002
  8.6976000e+002
  8.8612000e+002
  8.5225000e+002
  8.4592000e+002
  8.1806000e+002
  8.2659000e+002
  8.2446000e+002
  8.2088000e+002
  8.3725000e+002
  8.3672000e+002
  8.1950000e+002
  8.2425000e+002
  8.3039000e+002
  8.2418000e+002
  8.0841000e+002
  8.0696000e+002
  8.3606000e+002
  8.6226000e+002
  8.5599000e+002
  8.6048000e+002
  8.4926000e+002
  8.2313000e+002
  8.1230000e+002
  7.9303000e+002
  7.8669000e+002
  7.8986000e+002
  7.9765000e+002
  8.0920000e+002
  7.9811000e+002
  7.8260000e+002
  7.7554000e+002
  7.4406000e+002
  7.5277000e+002
  7.5330000e+002
  7.5746000e+002
  7.7759000e+002
  7.8412000e+002
  7.7211000e+002
  7.6366000e+002
  7.9105000e+002
  7.9184000e+002
  7.9046000e+002
  7.7594000e+002
  7.4729000e+002
  7.3238000e+002
  7.1773000e+002
  7.0222000e+002
  6.6080000e+002
  7.0044000e+002
  6.9503000e+002
  6.8421000e+002
  7.2043000e+002
  6.8784000e+002
  6.8914000e+002
  7.0010000e+002
  7.3508000e+002
  7.3022000e+002
  7.3412000e+002
  7.2501000e+002
  7.1084000e+002
  7.4719000e+002
  7.6581000e+002
  7.7115000e+002
  7.6184000e+002
  7.5849000e+002
  7.6177000e+002
  7.6616000e+002
  7.6869000e+002
  7.6335000e+002
  7.5938000e+002
  7.5561000e+002
  7.7197000e+002
  7.5979000e+002
  7.6157000e+002
  7.8135000e+002
  8.1606000e+002
  8.2592000e+002
  8.2277000e+002
  8.2838000e+002
  8.3892000e+002
  8.3701000e+002
  8.4570000e+002
  8.6131000e+002
  8.6850000e+002
  8.7657000e+002
  8.8883000e+002
  8.7705000e+002
  8.7883000e+002
  8.9800000e+002
  8.9834000e+002
  9.1292000e+002
  9.0348000e+002
  9.0304000e+002
  9.2039000e+002
  9.4021000e+002
  9.4779000e+002
  9.4175000e+002
  9.3697000e+002
  9.3515000e+002
  9.2187000e+002
  9.0781000e+002
  9.2215000e+002
  9.1647000e+002
  8.8916000e+002
  8.7668000e+002
  8.9019000e+002
  9.0180000e+002
  8.8851000e+002
  8.8778000e+002
  8.5843000e+002
  8.5061000e+002
  8.8259000e+002
  8.8099000e+002
  9.0815000e+002
  9.1275000e+002
  9.1100000e+002
  9.0822000e+002
  8.8931000e+002
  8.9398000e+002
  8.9391000e+002
  8.7458000e+002
  8.5237000e+002
  8.3900000e+002
  8.4039000e+002
  8.1294000e+002
  8.1067000e+002
  8.1659000e+002
  8.5959000e+002
  8.5675000e+002
  8.7628000e+002
  8.8117000e+002
  8.9020000e+002
  9.1037000e+002
  9.0668000e+002
  9.0744000e+002
  9.0638000e+002
  9.0668000e+002
  9.1759000e+002
  9.1752000e+002
  9.2279000e+002
  9.4243000e+002
  9.3987000e+002
  9.4288000e+002
  9.4228000e+002
  9.4070000e+002
  9.6260000e+002
  9.6772000e+002
  9.6380000e+002
  9.5417000e+002
  9.4123000e+002
  9.4183000e+002
  9.6154000e+002
  9.7125000e+002
  9.6139000e+002
  9.3445000e+002
  9.4506000e+002
  9.4250000e+002
  9.2903000e+002
  9.3806000e+002
  9.2226000e+002
  9.2219000e+002
  9.2670000e+002
  9.5176000e+002
  9.6418000e+002
  9.6583000e+002
  9.5936000e+002
  9.7005000e+002
  9.6124000e+002
  9.4732000e+002
  9.4303000e+002
  9.5327000e+002
  9.4536000e+002
  9.3046000e+002
  9.4521000e+002
  9.4642000e+002
  9.8412000e+002
  9.9526000e+002
  1.0055700e+003
  1.0252100e+003
  1.0239300e+003
  1.0331900e+003
  1.0220500e+003
  1.0042100e+003
  1.0228800e+003
  1.0474900e+003
  1.0393600e+003
  1.0261900e+003
  1.0035400e+003
  9.8081000e+002
  9.8081000e+002
  9.7923000e+002
  9.5989000e+002
  9.6132000e+002
  9.7223000e+002
  9.6245000e+002
  9.2271000e+002
  9.5101000e+002
  9.3107000e+002
  9.5936000e+002
  9.6320000e+002
  9.2219000e+002
  9.5387000e+002
  9.2527000e+002
  8.9479000e+002
  9.3084000e+002
  8.9396000e+002
  9.2000000e+002
  8.8734000e+002
  8.7982000e+002
  8.9020000e+002
  8.7011000e+002
  8.8599000e+002
  9.1090000e+002
  9.3671000e+002
  9.0887000e+002
  8.9238000e+002
  8.7184000e+002
  8.6349000e+002
  8.8757000e+002
  8.9863000e+002
  8.8636000e+002
  9.2790000e+002
  9.4710000e+002
  9.7125000e+002
  9.7780000e+002
  9.6373000e+002
  9.8706000e+002
  9.3287000e+002
  9.0841000e+002
  8.8975000e+002
  8.4415000e+002
  8.2051000e+002
  8.3805000e+002
  8.1565000e+002
  8.1873000e+002
  8.4802000e+002
  8.8023000e+002
  8.4148000e+002
  8.5547000e+002
  8.5939000e+002
  8.3863000e+002
  8.2040000e+002
  8.2032000e+002
  8.5599000e+002
  8.5192000e+002
  8.7805000e+002
  8.8783000e+002
  8.7813000e+002
  8.4668000e+002
  8.4723000e+002
  8.4481000e+002
  8.5990000e+002
  8.3464000e+002
  8.4590000e+002
  8.5044000e+002
  8.1884000e+002
  8.1665000e+002
  8.0217000e+002
  8.5372000e+002
  8.4309000e+002
  8.1539000e+002
  8.0241000e+002
  7.8841000e+002
  7.8723000e+002
  7.8794000e+002
  7.8074000e+002
  7.5258000e+002
  7.7730000e+002
  7.3115000e+002
  6.8680000e+002
  6.7858000e+002
  6.7671000e+002
  6.2719000e+002
  6.7076000e+002
  6.1937000e+002
  5.8777000e+002
  6.5973000e+002
  6.5488000e+002
  6.3619000e+002
  6.6419000e+002
  6.6716000e+002
  6.4111000e+002
  6.1530000e+002
  6.1608000e+002
  5.7760000e+002
  5.9277000e+002
  5.9848000e+002
  6.0216000e+002
  6.3454000e+002
  6.5879000e+002
  6.4463000e+002
  6.7843000e+002
  7.0369000e+002
  7.1191000e+002
  7.3420000e+002
  7.4977000e+002
  7.3905000e+002
  7.7010000e+002
  7.7347000e+002
  7.5250000e+002
  7.7026000e+002
  7.4726000e+002
  7.9083000e+002
  8.0843000e+002
  8.1180000e+002
  8.4848000e+002
  8.5013000e+002
  8.3761000e+002
  8.3190000e+002
  8.3573000e+002
  8.3964000e+002
  8.2447000e+002
  8.5544000e+002
  8.7312000e+002
  8.7179000e+002
  8.7109000e+002
  8.6241000e+002
  8.3409000e+002
  8.2650000e+002
  8.1774000e+002
  8.2564000e+002
  8.0476000e+002
  8.3534000e+002
  8.3597000e+002
  8.0923000e+002
  8.2979000e+002
  8.1860000e+002
  8.1321000e+002
  8.2391000e+002
  8.3218000e+002
  8.4052000e+002
  8.3604000e+002
  8.3580000e+002
  8.5367000e+002
  8.4076000e+002
  8.6067000e+002
  8.1880000e+002
  8.3281000e+002
  8.4438000e+002
  8.5981000e+002
  8.5871000e+002
  9.1113000e+002
  9.2963000e+002
  9.5395000e+002
  9.7528000e+002
  9.5490000e+002
  9.5836000e+002
  9.8780000e+002
  9.7261000e+002
  9.7308000e+002
  9.8685000e+002
  9.7985000e+002
  1.0034600e+003
  9.9299000e+002
  9.6828000e+002
  9.8048000e+002
  1.0007100e+003
  9.9583000e+002
  9.9622000e+002
  9.9260000e+002
  9.8882000e+002
  9.7523000e+002
  9.6390000e+002
  9.7978000e+002
  1.0018800e+003
  9.9984000e+002
 
